Image106.jpg	118,201,285,314
Image124.jpg	156,104,368,249
Image177.jpg	126,200,405,366
Image127.jpg	55,146,300,303
Image100.jpg	239,52,494,240
Image96.jpg	132,230,303,368
Image136.jpg	271,181,397,379
Image173.jpg	175,155,383,283
Image138.jpg	188,56,337,293
Image115.jpg	106,187,346,326
Image112.jpg	266,179,447,294
Image181.jpg	130,240,269,348
Image183.jpg	170,85,330,215
Image102.jpg	194,285,423,410
Image156.jpg	227,172,436,325
Image15.jpg	298,46,496,340
Image199.jpg	294,169,399,296
Image98.jpg	83,81,290,233
Image56.jpg	294,241,534,379
Image191.jpg	180,81,431,250
Image12.jpg	344,157,493,380
Image145.jpg	133,113,336,250
Image167.jpg	159,135,357,284
Image101.jpg	261,59,508,229
Image175.jpg	198,165,416,291
Image194.jpg	158,157,415,331
Image155.jpg	211,171,411,333
Image107.jpg	93,133,298,272
Image170.jpg	178,173,343,396
Image188.jpg	218,155,470,324
Image160.jpg	198,178,382,334
Image54.jpg	275,129,497,281
Image132.jpg	147,166,399,329
Image140.jpg	377,117,532,335
Image174.jpg	176,153,399,284
Image169.jpg	192,162,349,392
Image108.jpg	100,98,296,243
Image36.jpg	266,57,496,209
Image158.jpg	148,175,357,320
Image117.jpg	131,284,381,420
Image123.jpg	172,100,373,248
Image122.jpg	119,103,388,278
Image17.jpg	164,145,425,296
Image179.jpg	191,135,446,301
Image184.jpg	191,81,358,217
Image142.jpg	210,147,343,339
Image111.jpg	258,181,443,302
Image147.jpg	191,150,398,292
Image131.jpg	145,160,390,326
Image187.jpg	195,140,448,308
Image185.jpg	258,268,426,380
Image113.jpg	298,109,508,247
Image109.jpg	25,144,213,274
Image148.jpg	247,90,461,238
Image150.jpg	175,7,411,165
Image105.jpg	105,204,273,321
Image1.jpg	233,134,390,353
Image114.jpg	287,117,500,255
Image55.jpg	272,157,500,303
Image116.jpg	125,185,372,331
Image178.jpg	163,214,442,361
Image162.jpg	156,189,343,336
Image10.jpg	130,159,243,314
Image104.jpg	218,237,394,356
Image161.jpg	158,188,340,340
Image135.jpg	286,193,402,400
Image133.jpg	271,165,532,334
Image139.jpg	443,75,588,301
Image153.jpg	259,201,489,350
Image189.jpg	233,37,496,219
Image121.jpg	106,44,377,218
Image144.jpg	121,108,322,241
Image130.jpg	134,160,397,324
Image157.jpg	158,172,361,328
Image176.jpg	258,192,421,303
Image129.jpg	111,157,367,318
Image149.jpg	86,60,293,203
Image103.jpg	186,302,408,419
Image195.jpg	173,332,430,479
Image164.jpg	192,137,340,253
Image151.jpg	263,5,491,148
Image197.jpg	257,196,401,295
Image143.jpg	193,159,332,342
Image163.jpg	197,143,346,260
Image193.jpg	138,161,393,340
Image137.jpg	169,69,326,318
Image18.jpg	171,150,419,310
Image120.jpg	137,152,349,310
Image128.jpg	63,142,315,301
Image110.jpg	255,175,431,290
Image166.jpg	90,247,273,358
Image152.jpg	268,151,485,300
2018-06-29-120627_2.jpg	484,365,734,521
2018-06-29-120100_4.jpg	30,259,279,438
2018-06-29-120023_1.jpg	393,201,593,325
2018-06-29-120100_2.jpg	140,101,492,364
2018-06-29-120540_4.jpg	11,470,300,651
2018-06-29-120713_4.jpg	957,387,1128,551
2018-06-29-120627_4.jpg	131,169,309,278
2018-06-29-120100_1.jpg	529,129,871,422
2018-06-29-120540_2.jpg	370,78,781,318
2018-06-29-120713_1.jpg	386,468,626,673
2018-06-29-120100_3.jpg	440,444,774,692
2018-06-29-120540_3.jpg	971,510,1247,702
2018-06-29-120713_3.jpg	860,257,1049,429
2018-06-29-120627_3.jpg	870,267,1171,433
2018-06-29-120023_2.jpg	894,103,1135,241
2018-06-29-120540_1.jpg	654,304,951,510
2018-06-29-120713_2.jpg	295,105,498,261
2018-06-29-120627_1.jpg	354,142,578,314
2018-06-29-120023_3.jpg	666,461,803,587
Image106_aug.jpg	522,279,355,166
Image124_aug.jpg	484,376,272,231
Image177_aug.jpg	514,280,235,114
Image127_aug.jpg	585,334,340,177
Image100_aug.jpg	401,428,146,240
Image96_aug.jpg	508,250,337,112
Image136_aug.jpg	369,299,243,101
Image173_aug.jpg	465,325,257,197
Image138_aug.jpg	452,424,303,187
Image115_aug.jpg	534,293,294,154
Image112_aug.jpg	374,301,193,186
Image181_aug.jpg	510,240,371,132
Image183_aug.jpg	470,395,310,265
Image102_aug.jpg	446,195,217,70
Image156_aug.jpg	413,308,204,155
Image15_aug.jpg	342,434,144,140
Image199_aug.jpg	346,311,241,184
Image98_aug.jpg	557,399,350,247
Image56_aug.jpg	346,239,106,101
Image191_aug.jpg	460,399,209,230
Image12_aug.jpg	296,323,147,100
Image145_aug.jpg	507,367,304,230
Image167_aug.jpg	481,345,283,196
Image101_aug.jpg	379,421,132,251
Image175_aug.jpg	442,315,224,189
Image194_aug.jpg	482,323,225,149
Image155_aug.jpg	429,309,229,147
Image107_aug.jpg	547,347,342,208
Image170_aug.jpg	462,307,297,84
Image188_aug.jpg	422,325,170,156
Image160_aug.jpg	442,302,258,146
Image54_aug.jpg	365,351,143,199
Image132_aug.jpg	493,314,241,151
Image140_aug.jpg	263,363,108,145
Image174_aug.jpg	464,327,241,196
Image169_aug.jpg	448,318,291,88
Image108_aug.jpg	540,382,344,237
Image36_aug.jpg	374,423,144,271
Image158_aug.jpg	492,305,283,160
Image117_aug.jpg	509,196,259,60
Image123_aug.jpg	468,380,267,232
Image122_aug.jpg	521,377,252,202
Image17_aug.jpg	476,335,215,184
Image179_aug.jpg	449,345,194,179
Image184_aug.jpg	449,399,282,263
Image142_aug.jpg	430,333,297,141
Image111_aug.jpg	382,299,197,178
Image147_aug.jpg	449,330,242,188
Image131_aug.jpg	495,320,250,154
Image187_aug.jpg	445,340,192,172
Image185_aug.jpg	382,212,214,100
Image113_aug.jpg	342,371,132,233
Image109_aug.jpg	615,336,427,206
Image148_aug.jpg	393,390,179,242
Image150_aug.jpg	465,473,229,315
Image105_aug.jpg	535,276,367,159
Image1_aug.jpg	407,346,250,127
Image114_aug.jpg	353,363,140,225
Image55_aug.jpg	368,323,140,177
Image116_aug.jpg	515,295,268,149
Image178_aug.jpg	477,266,198,119
Image162_aug.jpg	484,291,297,144
Image10_aug.jpg	510,321,397,166
Image104_aug.jpg	422,243,246,124
Image161_aug.jpg	482,292,300,140
Image135_aug.jpg	354,287,238,80
Image133_aug.jpg	369,315,108,146
Image139_aug.jpg	197,405,52,179
Image153_aug.jpg	381,279,151,130
Image189_aug.jpg	407,443,144,261
Image121_aug.jpg	534,436,263,262
Image144_aug.jpg	519,372,318,239
Image130_aug.jpg	506,320,243,156
Image157_aug.jpg	482,308,279,152
Image176_aug.jpg	382,288,219,177
Image129_aug.jpg	529,323,273,162
Image149_aug.jpg	554,420,347,277
Image103_aug.jpg	454,178,232,61
Image195_aug.jpg	467,148,210,1
Image164_aug.jpg	448,343,300,227
Image151_aug.jpg	377,475,149,332
Image197_aug.jpg	383,284,239,185
Image143_aug.jpg	447,321,308,138
Image163_aug.jpg	443,337,294,220
Image193_aug.jpg	502,319,247,140
Image137_aug.jpg	471,411,314,162
Image18_aug.jpg	469,330,221,170
Image120_aug.jpg	503,328,291,170
Image128_aug.jpg	577,338,325,179
Image110_aug.jpg	385,305,209,190
Image166_aug.jpg	550,233,367,122
Image152_aug.jpg	372,329,155,180
2018-06-29-120627_2_aug.jpg	796,355,546,199
2018-06-29-120100_4_aug.jpg	1250,461,1001,282
2018-06-29-120023_1_aug.jpg	887,519,687,395
2018-06-29-120100_2_aug.jpg	1140,619,788,356
2018-06-29-120540_4_aug.jpg	1269,250,980,69
2018-06-29-120713_4_aug.jpg	323,333,152,169
2018-06-29-120627_4_aug.jpg	1149,551,971,442
2018-06-29-120100_1_aug.jpg	751,591,409,298
2018-06-29-120540_2_aug.jpg	910,642,499,402
2018-06-29-120713_1_aug.jpg	894,252,654,47
2018-06-29-120100_3_aug.jpg	840,276,506,28
2018-06-29-120540_3_aug.jpg	309,210,33,18
2018-06-29-120713_3_aug.jpg	420,463,231,291
2018-06-29-120627_3_aug.jpg	410,453,109,287
2018-06-29-120023_2_aug.jpg	386,617,145,479
2018-06-29-120540_1_aug.jpg	626,416,329,210
2018-06-29-120713_2_aug.jpg	985,615,782,459
2018-06-29-120627_1_aug.jpg	926,578,702,406
2018-06-29-120023_3_aug.jpg	614,259,477,133
